# EOL
1.667585391819899203e+06
1.602595426889236784e+06
1.160550717345192796e+06
1.738760662704000250e+06
1.516695596780291758e+06
1.262295726630641613e+06
1.082978379895883147e+06
1.464592842373820022e+06
1.397682393267483916e+06
1.429085123345037689e+06
1.171703512894029729e+06
1.307190535311391810e+06
1.625826341103714891e+06
1.395030768203547457e+06
1.271386675675058737e+06
1.049039725154076703e+06
1.384813600285444176e+06
1.299670650044712238e+06
1.720474222297626548e+06
1.356250851094428916e+06
