# FD_EOLs
1.377488817803766346e+06 1.672101933530246839e+06 1.586077880496659782e+06
1.323804640429347521e+06 1.608861677511987509e+06 1.524707190888760844e+06
9.586589349361461354e+05 1.164903395699022571e+06 1.109146544664209243e+06
1.436282292625468690e+06 1.744048683655799134e+06 1.652579924080411205e+06
1.252848120897127315e+06 1.529011935988730518e+06 1.444309939757107757e+06
1.042704173786009895e+06 1.268597769588717725e+06 1.205596289775273297e+06
8.945812403656089446e+05 1.085802225741473492e+06 1.036284660810700152e+06
1.209809268479880411e+06 1.468223981260428205e+06 1.395183852922762278e+06
1.154538698294795584e+06 1.403962214811215177e+06 1.331933455945946043e+06
1.180478545059182215e+06 1.433475846310510067e+06 1.362182037348243175e+06
9.678715673033607891e+05 1.175326778905119747e+06 1.120324394397847122e+06
1.079788989495316753e+06 1.315435736010905588e+06 1.247373408444338245e+06
1.342994257173878374e+06 1.637275659144804114e+06 1.547362541491313372e+06
1.152348355363933835e+06 1.405624446612336207e+06 1.329666335251007229e+06
1.050213642694369890e+06 1.280569398002548143e+06 1.213771125332968542e+06
8.665466235912799602e+05 1.052848603451690869e+06 1.004883575314108515e+06
1.143908586926379707e+06 1.390421420712305466e+06 1.320257845709200948e+06
1.073577278888572007e+06 1.309618206799190026e+06 1.240059809473559959e+06
1.421176998887121212e+06 1.731150106458296068e+06 1.635781181292037480e+06
1.120314672150345519e+06 1.367909978861862561e+06 1.293879149106867146e+06
