-8.683334350585937500e+00 2.528903782367706299e-01 2.896210670471191406e+00 4.514579268152834474e-02
-8.118849754333496094e+00 2.573233246803283691e-01 2.056888103485107422e+00 9.678777029832573431e-02
-7.946094512939453125e+00 2.670463919639587402e-01 1.788981437683105469e+00 1.028850291416341656e-01
-8.304892539978027344e+00 2.559334337711334229e-01 2.330478429794311523e+00 1.026969298329887259e-01
-8.240384101867675781e+00 2.593251466751098633e-01 2.239828109741210938e+00 1.636129800609043006e-01
-8.750356674194335938e+00 2.584515213966369629e-01 2.968850851058959961e+00 2.027910212275294694e-02
-8.381158828735351562e+00 2.622467279434204102e-01 2.447125196456909180e+00 3.415918681930910084e-01
-8.103474617004394531e+00 2.612555027008056641e-01 2.043889999389648438e+00 9.091803230358677657e-02
-8.403673171997070312e+00 2.496522068977355957e-01 2.479280233383178711e+00 1.706225999464936957e-02
-7.632562160491943359e+00 2.710184156894683838e-01 1.355108380317687988e+00 1.902023537053867258e-02
