-7.764793872833251953e+00 2.579393088817596436e-01 1.542829871177673340e+00 1.082238373574842191e-02
-7.797170639038085938e+00 2.607922255992889404e-01 1.600580453872680664e+00 7.641492228539887265e-03
-8.465834617614746094e+00 2.589288651943206787e-01 2.579142808914184570e+00 1.397575964733222542e-01
-7.654515743255615234e+00 2.587032914161682129e-01 1.396696448326110840e+00 1.498071329383625708e-02
-7.931483268737792969e+00 2.655987143516540527e-01 1.786148071289062500e+00 4.276039625951105067e-02
-8.379279136657714844e+00 2.613992393016815186e-01 2.424710512161254883e+00 1.395464017628923747e-01
-8.674076080322265625e+00 2.541223466396331787e-01 2.884765386581420898e+00 5.871791512629586512e-02
-7.982086181640625000e+00 2.476771473884582520e-01 1.859767436981201172e+00 8.298911107873147008e-03
-8.023668289184570312e+00 2.607969045639038086e-01 1.935817599296569824e+00 3.464996475448699903e-02
-8.077924728393554688e+00 2.573599815368652344e-01 1.988537192344665527e+00 8.075446557840823547e-02
-8.559134483337402344e+00 2.552240192890167236e-01 2.691936731338500977e+00 8.638356698062051031e-02
-8.232703208923339844e+00 2.633502781391143799e-01 2.224776506423950195e+00 8.452261691478167582e-02
-7.863357543945312500e+00 2.645111083984375000e-01 1.670922398567199707e+00 1.931226909379524237e-02
-8.056167602539062500e+00 2.652513384819030762e-01 1.977168798446655273e+00 0.000000000000000000e+00
-8.303782463073730469e+00 2.646976709365844727e-01 2.327864170074462891e+00 1.205147161957021290e-01
-8.880520820617675781e+00 2.560955584049224854e-01 3.175991535186767578e+00 4.833304445426929788e-03
-8.099549293518066406e+00 2.610754072666168213e-01 2.031830549240112305e+00 3.834060861553528071e-02
-8.209750175476074219e+00 2.653891146183013916e-01 2.200537204742431641e+00 4.055926734849436789e-04
-7.709622383117675781e+00 2.631740570068359375e-01 1.465261459350585938e+00 5.751185514539877523e-03
-8.204900741577148438e+00 2.660698294639587402e-01 2.171971321105957031e+00 1.020058992451990665e-01
