# FD_EOLs
8.946920258690640330e+05 1.086122820803288603e+06 1.036463735336820129e+06
1.138091085614980897e+06 1.382285977587101515e+06 1.313691248224104755e+06
1.289923513827120885e+06 1.574484828965220368e+06 1.487073649024894927e+06
1.042840894788884092e+06 1.266313128626911901e+06 1.205255195320425788e+06
1.066412222709495109e+06 1.295378367259740364e+06 1.231992190008963691e+06
9.212806703585520154e+05 1.119716375426197890e+06 1.067556398207196500e+06
1.005436638777107233e+06 1.223718786449507112e+06 1.162624952214134624e+06
1.127991267039479455e+06 1.372638207088315627e+06 1.301966042349407449e+06
9.925950653579276986e+05 1.204752375205687247e+06 1.147938245906907832e+06
1.499920774571447400e+06 1.828100497930779355e+06 1.725530269503941527e+06
